# i = 20
1048583
1048589
1048601
1048609
1048613
1048627
1048633
1048661
1048681
1048703
# i = 21
2097169
2097211
2097223
2097229
2097257
2097259
2097287
2097289
2097311
2097317
# i = 22
4194319
4194329
4194353
4194371
4194389
4194397
4194403
4194409
4194419
4194433
# i = 23
8388617
8388619
8388623
8388637
8388673
8388683
8388691
8388697
8388733
8388739
# i = 24
16777259
16777289
16777291
16777331
16777333
16777337
16777381
16777421
16777441
16777447
# i = 25
33554467
33554473
33554501
33554503
33554509
33554519
33554527
33554579
33554581
33554593
# i = 26
67108879
67108913
67108919
67108933
67108957
67108961
67108981
67109023
67109033
67109051
# i = 27
134217757
134217773
134217779
134217781
134217799
134217803
134217823
134217827
134217869
134217877
# i = 28
268435459
268435463
268435493
268435523
268435537
268435561
268435577
268435579
268435597
268435631
# i = 29
536870923
536870951
536871001
536871017
536871019
536871029
536871061
536871089
536871091
536871119
# i = 30
1073741827
1073741831
1073741833
1073741839
1073741843
1073741857
1073741891
1073741909
1073741939
1073741953
# i = 31
2147483659
2147483693
2147483713
2147483743
2147483777
2147483783
2147483813
2147483857
2147483867
2147483869
# i = 32
4294967311
4294967357
4294967371
4294967377
4294967387
4294967389
4294967459
4294967477
4294967497
4294967513
# i = 33
8589934609
8589934621
8589934627
8589934631
8589934651
8589934663
8589934669
8589934693
8589934711
8589934721
# i = 34
17179869209
17179869263
17179869269
17179869337
17179869409
17179869431
17179869433
17179869479
17179869523
17179869547
# i = 35
34359738421
34359738451
34359738467
34359738473
34359738493
34359738557
34359738587
34359738599
34359738607
34359738641
# i = 36
68719476767
68719476851
68719476853
68719476901
68719476911
68719476913
68719476937
68719476949
68719476989
68719476997
# i = 37
137438953481
137438953501
137438953513
137438953541
137438953567
137438953577
137438953591
137438953657
137438953693
137438953711
# i = 38
274877906951
274877906957
274877907011
274877907023
274877907041
274877907061
274877907191
274877907209
274877907223
274877907229
# i = 39
549755813911
549755813927
549755813933
549755813951
549755813963
549755814037
549755814043
549755814071
549755814109
549755814121
# i = 40
1099511627791
1099511627803
1099511627831
1099511627873
1099511627891
1099511627917
1099511627933
1099511627953
1099511628029
1099511628053